#../scan.py 5fyj_3mer.pdb B -o 5fyjB.pro_scan.txt
ChainID	ResID	AA	ASA	SSE	BCProb	N_collision	dN_contacts	N_contacs_wt	N_contacts_pro	PHI	PSI
B	514	G	41	-	0.145	1	9	0	9	-81.6	167.7
B	515	M	112	H	0.758	0	1	6	7	-63.1	-32.5
B	516	G	38	H	0.073	1	11	0	11	-77.3	-27.0
B	522	F	4	T	0.271	1	-12	24	12	-61.3	129.9
B	529	T	45	-	0.461	0	-9	19	10	-73.4	149.9
B	535	I	35	G	0.502	1	-4	18	14	-66.7	-20.6
B	549	V	32	-	0.828	0	-6	15	9	-67.3	151.2
B	555	L	111	-	0.047	0	3	5	8	-70.3	179.8
B	571	W	3	H	0.354	0	-12	28	16	-63.5	-36.9
B	593	L	2	H	0.559	1	-6	22	16	-50.2	-36.9
B	599	S	38	T	0.348	1	6	9	15	-59.9	131.6
B	602	L	12	S	0.012	0	-5	14	9	-86.2	-24.0
B	605	C	27	E	0.245	0	5	8	13	-75.6	146.3
B	612	A	60	T	0.986	0	6	4	10	-59.2	-32.6
B	620	S	55	H	0.282	1	5	7	12	-67.7	-28.6
B	627	T	21	-	0.017	1	-2	18	16	-94.3	159.3
B	628	W	4	H	0.092	0	-20	37	17	-61.9	-46.6
B	629	V	27	H	0.562	0	7	9	16	-63.3	-36.1
B	640	Q	105	H	0.898	0	0	7	7	-60.9	-33.5
B	641	H	103	H	0.428	1	0	11	11	-62.5	-38.7
B	658	Q	3	H	0.428	1	-6	22	16	-62.2	-37.8
B	663	L	124	H	0.204	1	2	8	10	-66.3	-36.7
