#../scan.py 6xr8.pdb A -o 6xr8A.pro_scan.txt
ChainID	ResID	AA	ASA	SSE	BCProb	N_collision	dN_contacts	N_contacs_wt	N_contacts_pro	PHI	PSI
A	19	T	90	-	0.079	1	1	6	7	-85.3	-10.6
A	20	T	66	-	0.013	1	2	12	14	-71.8	102.2
A	27	A	28	E	0.017	1	6	9	15	-93.9	160.8
A	38	Y	6	-	0.060	1	-11	25	14	-66.9	118.6
A	41	K	90	S	0.015	0	1	9	10	-84.7	19.4
A	43	F	2	B	0.081	1	-10	32	22	-84.5	141.2
A	50	S	48	E	0.024	0	6	5	11	-89.2	134.2
A	56	L	0	-	0.039	1	-9	25	16	-77.0	115.7
A	63	T	51	E	0.941	1	2	10	12	-62.3	146.4
A	83	V	64	-	0.048	0	-4	14	10	-78.8	122.1
A	95	T	1	E	0.023	1	-2	19	17	-72.2	107.9
A	101	I	13	E	0.017	1	-5	17	12	-86.2	121.8
A	115	Q	10	-	0.315	0	-9	18	9	-75.9	162.8
A	126	V	41	E	0.038	1	-5	15	10	-85.9	134.6
A	132	E	19	-	0.081	1	-6	24	18	-78.0	69.1
A	135	F	15	E	0.197	1	-10	27	17	-79.6	156.1
A	137	N	118	E	0.428	0	4	13	17	-62.5	-38.5
A	154	E	37	E	0.135	0	-7	20	13	-77.5	137.1
A	173	Q	173	-	0.793	0	5	3	8	-65.6	146.7
A	178	D	103	-	0.539	0	4	4	8	-70.4	146.9
A	183	Q	118	-	0.828	1	1	5	6	-67.3	151.8
A	185	N	50	S	0.237	0	-10	20	10	-77.9	150.6
A	186	F	19	E	0.365	1	-7	22	15	-68.6	138.5
A	218	Q	157	-	0.258	0	4	6	10	-72.3	137.8
A	222	A	1	-	0.053	0	6	12	18	-88.0	146.2
A	223	L	0	B	0.012	1	-12	31	19	-91.2	128.2
A	224	E	42	E	0.164	0	2	15	17	-80.4	147.1
A	240	T	2	E	0.110	0	-2	20	18	-84.7	151.1
A	262	A	37	S	0.032	0	4	4	8	-76.0	79.4
A	270	L	2	-	0.052	1	-7	29	22	-87.4	139.8
A	274	T	36	E	0.077	0	-4	13	9	-80.3	132.4
A	276	L	0	E	0.042	1	-6	22	16	-84.0	131.9
A	281	E	162	T	0.681	1	4	5	9	-61.8	-19.1
A	296	L	13	H	0.123	0	3	12	15	-59.3	-48.4
A	306	F	32	S	0.107	0	-16	25	9	-81.0	-14.8
A	309	E	157	-	0.395	0	5	5	10	-73.3	163.2
A	310	K	97	S	0.772	0	0	11	11	-58.0	137.6
A	314	Q	59	E	0.261	0	-4	11	7	-74.1	142.3
A	320	V	58	-	0.207	0	7	10	17	-76.5	142.0
A	321	Q	133	-	0.145	0	4	5	9	-83.1	152.6
A	325	S	75	E	0.107	0	-1	6	5	-84.0	149.8
A	331	N	110	-	0.010	1	5	12	17	-84.0	107.8
A	335	L	76	B	0.116	0	-10	17	7	-84.7	160.3
A	339	G	47	H	0.204	1	9	0	9	-66.6	-37.2
A	340	E	135	H	0.110	1	4	6	10	-76.7	-23.2
A	345	T	136	S	0.940	0	4	3	7	-53.5	-37.1
A	347	F	10	-	0.115	0	-11	32	21	-84.6	165.1
A	348	A	28	-	0.149	0	10	13	23	-82.7	154.9
A	349	S	18	B	0.828	0	-2	18	16	-66.6	152.0
A	350	V	0	S	0.273	1	-3	23	20	-66.6	-35.4
A	357	R	104	E	0.015	0	-9	18	9	-89.2	125.9
A	370	N	77	T	0.948	1	3	11	14	-57.1	-32.8
A	374	F	21	-	0.103	0	-10	23	13	-76.7	129.0
A	385	T	38	G	0.575	1	-3	14	11	-63.6	-28.6
A	388	N	33	G	0.066	1	5	8	13	-74.2	-29.7
A	408	R	60	G	0.770	1	-8	20	12	-62.5	-29.7
A	417	K	9	H	0.412	0	-3	20	17	-66.2	-28.1
A	427	D	65	T	0.205	0	-2	12	10	-68.9	-31.6
A	437	N	34	E	0.448	0	-3	17	14	-60.8	133.1
A	440	N	131	H	0.306	1	-4	11	7	-67.9	-26.3
A	445	V	130	T	0.800	0	2	3	5	-59.5	-36.5
A	458	K	196	S	0.211	0	4	4	8	-70.1	-25.6
A	460	N	78	-	0.421	0	-5	11	6	-63.6	135.7
A	461	L	7	-	0.209	1	-7	28	21	-80.8	160.8
A	472	I	40	-	0.844	0	-12	22	10	-65.2	145.8
A	477	S	134	S	0.156	0	1	2	3	-77.4	-16.8
A	478	T	73	S	0.582	1	4	7	11	-71.1	148.8
A	486	F	169	T	0.156	0	-4	7	3	-70.2	129.5
A	490	F	94	-	0.145	0	-6	15	9	-69.2	128.0
A	495	Y	0	-	0.258	1	-11	32	21	-71.8	138.1
A	502	G	42	-	0.997	0	10	0	10	-60.1	145.2
A	503	V	32	T	0.092	0	0	9	9	-58.6	120.8
A	529	K	188	-	0.211	0	3	3	6	-74.9	136.8
A	530	S	39	-	0.185	0	3	14	17	-74.6	136.4
A	532	N	132	-	0.496	0	2	5	7	-71.7	152.5
A	533	L	28	-	0.058	1	-7	20	13	-82.8	132.5
A	538	C	9	E	0.043	0	-3	13	10	-76.8	118.5
A	541	F	12	E	0.114	1	-8	26	18	-84.3	158.4
A	552	L	0	E	0.032	0	-1	14	13	-90.3	144.5
A	554	E	120	E	0.063	0	6	4	10	-73.5	120.6
A	560	L	41	-	0.941	1	2	12	14	-61.7	146.4
A	562	F	29	T	0.133	1	-16	23	7	-74.8	-1.5
A	573	T	22	E	0.060	0	0	15	15	-58.2	119.8
A	578	D	0	-	0.299	1	-6	27	21	-58.8	130.5
A	584	I	18	E	0.074	0	-17	23	6	-77.5	127.5
A	591	S	21	B	0.049	0	6	8	14	-71.3	118.2
A	594	G	2	-	0.087	0	18	0	18	-87.0	165.1
A	601	G	12	-	1.000	0	13	0	13	-59.3	143.8
A	603	N	161	T	0.460	1	2	9	11	-59.1	-19.0
A	606	N	111	S	0.013	0	4	3	7	-96.5	-4.9
A	613	Q	15	T	0.732	0	-7	20	13	-69.2	153.1
A	634	R	51	-	0.062	0	-17	22	5	-78.2	74.1
A	638	T	141	-	0.083	0	0	4	4	-82.5	136.6
A	640	S	134	S	0.260	0	3	2	5	-65.3	-37.9
A	644	Q	44	E	0.046	0	-12	27	15	-81.6	127.8
A	646	R	175	T	0.808	0	4	3	7	-61.3	-23.7
A	654	E	89	E	0.023	1	4	9	13	-85.4	122.1
A	655	H	83	E	0.058	0	-2	15	13	-72.6	120.2
A	657	N	143	S	0.049	0	4	8	12	-75.4	-33.2
A	658	N	93	S	0.035	1	3	9	12	-55.4	117.0
A	659	S	54	-	0.014	0	3	9	12	-88.1	123.1
A	661	E	150	-	0.356	0	3	4	7	-71.6	143.5
A	662	C	37	-	0.348	0	-1	14	13	-60.3	131.7
A	690	Q	89	-	0.207	1	-5	15	10	-76.8	142.5
A	692	I	3	E	0.052	1	-15	25	10	-79.5	125.2
A	696	T	57	E	0.048	0	2	7	9	-77.9	122.1
A	701	A	60	E	0.356	0	4	2	6	-73.0	143.3
A	704	S	68	E	0.048	0	4	7	11	-77.5	121.4
A	705	V	10	-	0.531	1	2	14	16	-72.3	154.9
A	709	N	91	T	0.306	0	-6	16	10	-67.3	-10.9
A	720	I	8	E	0.048	1	-3	16	13	-78.2	121.7
A	732	T	23	-	0.309	1	3	10	13	-61.9	130.9
A	733	K	22	E	0.365	0	-8	23	15	-68.2	138.0
A	738	C	6	H	0.191	0	5	12	17	-51.7	-48.0
A	739	T	41	H	0.211	0	3	7	10	-62.4	-42.2
A	744	G	19	T	0.128	1	18	0	18	-56.0	123.4
A	748	E	104	H	0.138	1	2	10	12	-62.0	-43.8
A	749	C	0	H	0.117	1	9	13	22	-68.4	-37.4
A	758	S	29	H	0.580	0	-1	8	7	-63.4	-16.1
A	760	C	16	H	0.184	1	3	11	14	-63.5	-41.4
A	761	T	39	H	0.260	1	3	8	11	-64.7	-37.7
A	764	N	39	H	0.124	1	4	10	14	-71.8	-28.4
A	767	L	4	H	0.452	1	0	15	15	-64.1	-34.0
A	778	T	14	H	0.204	1	4	13	17	-66.5	-37.3
A	788	I	13	E	0.041	1	-4	21	17	-71.4	115.2
A	791	T	31	-	0.616	0	-2	13	11	-70.2	152.3
A	794	I	106	S	0.011	0	0	7	7	-87.3	116.0
A	810	S	101	T	0.619	1	0	8	8	-64.4	-22.6
A	814	K	133	-	0.055	0	2	4	6	-80.7	54.9
A	817	F	91	H	0.018	0	3	13	16	-65.3	-50.6
A	818	I	0	H	0.204	1	-1	19	18	-66.0	-35.8
A	829	A	74	S	0.167	0	8	3	11	-71.8	-25.2
A	836	Q	59	-	0.260	1	-1	15	14	-78.7	163.8
A	837	Y	24	S	0.215	0	-13	26	13	-61.0	-44.2
A	838	G	53	G	0.848	1	10	0	10	-58.6	-38.6
A	839	D	74	G	0.286	1	1	11	12	-70.1	-9.8
A	843	D	63	H	0.687	0	0	10	10	-62.9	-33.7
A	848	D	44	-	0.417	1	-6	20	14	-69.0	138.7
A	849	L	91	H	0.027	0	4	6	10	-66.8	-47.1
A	850	I	11	H	0.637	1	-5	14	9	-63.9	-17.6
A	861	L	28	E	0.027	1	5	13	18	-92.8	154.9
A	865	L	9	S	0.025	0	-3	14	11	-85.5	126.7
A	866	T	15	-	0.362	0	-2	22	20	-73.9	164.4
A	867	D	68	H	0.701	0	6	7	13	-60.6	-21.0
A	882	I	0	H	0.103	1	-7	26	19	-72.4	-30.2
A	886	W	60	T	0.081	0	-11	24	13	-85.5	-1.5
A	892	A	43	S	0.261	0	2	5	7	-74.5	141.4
A	893	A	20	-	0.016	0	4	11	15	-69.4	107.4
A	895	Q	10	-	0.805	0	-6	23	17	-64.7	154.5
A	899	A	16	H	0.562	0	14	5	19	-62.9	-35.5
A	913	Q	4	T	0.740	0	-5	20	15	-62.0	-26.0
A	914	N	2	H	0.637	1	-4	25	21	-65.4	-18.9
A	917	Y	3	H	0.309	1	-11	29	18	-61.5	-40.9
A	921	K	147	H	0.215	0	5	4	9	-59.6	-43.9
A	922	L	71	H	0.057	0	-8	21	13	-67.7	-41.2
A	941	T	59	-	0.149	1	3	10	13	-77.7	140.2
A	942	A	94	S	0.019	0	4	3	7	-84.8	-24.8
A	944	A	35	T	0.137	1	11	6	17	-59.7	-46.6
A	947	K	114	H	0.307	0	3	7	10	-58.0	-43.6
A	948	L	1	H	0.010	1	-4	19	15	-77.7	-35.0
A	952	V	14	H	0.475	1	5	13	18	-61.3	-39.5
A	975	S	5	S	0.087	0	2	15	17	-75.1	-28.4
A	977	L	10	H	0.428	0	-5	16	11	-61.7	-38.4
A	978	N	31	H	0.066	1	1	10	11	-75.0	-30.0
A	986	K	81	H	0.299	1	-1	11	10	-51.5	-45.6
A	987	V	49	H	0.018	0	6	14	20	-70.4	-41.6
A	991	V	62	H	0.015	1	3	9	12	-65.9	-48.7
A	992	Q	31	H	0.045	1	-4	21	17	-70.1	-39.0
A	1004	L	2	H	0.072	1	-5	21	16	-67.1	-41.9
A	1018	I	7	H	0.030	1	-6	21	15	-70.9	-40.1
A	1038	K	128	-	0.097	0	-2	8	6	-84.6	-4.5
A	1040	V	36	T	0.133	0	-1	15	14	-75.6	133.7
A	1045	K	115	S	0.061	0	-3	6	3	-85.0	138.2
A	1048	H	11	E	0.245	0	-21	30	9	-63.3	128.7
A	1072	E	77	E	0.130	0	-3	15	12	-82.3	146.7
A	1074	N	111	E	0.350	0	-4	15	11	-70.1	139.3
A	1076	T	63	E	0.208	0	-3	10	7	-77.7	146.6
A	1095	F	1	E	0.149	0	-17	30	13	-79.1	139.9
A	1106	Q	24	-	0.793	0	-12	20	8	-66.0	148.0
A	1107	R	48	T	0.205	0	-12	27	15	-68.0	-32.1
A	1114	I	99	E	0.711	0	-4	8	4	-62.5	139.5
A	1115	I	2	-	0.028	0	-9	23	14	-75.9	110.3
A	1117	T	49	T	0.396	1	7	10	17	-68.3	-14.2
A	1126	C	45	T	0.060	1	6	10	16	-74.4	4.3
A	1129	V	7	S	0.021	1	3	15	18	-82.9	114.0
A	1130	I	83	T	0.145	0	-2	11	9	-67.8	126.8
A	1136	T	96	-	0.735	0	-2	9	7	-67.6	151.6
A	1138	Y	107	B	0.187	1	-1	16	15	-69.9	130.9
A	1147	S	71	H	0.448	1	6	6	12	-65.5	-24.5
A	1154	K	162	H	0.336	1	10	4	14	-65.8	-32.7
A	1156	F	15	H	0.087	1	-16	31	15	-64.3	-43.9
