#../scan.py 6xra.pdb A -o 6xraA.pro_scan.txt
ChainID	ResID	AA	ASA	SSE	BCProb	N_collision	dN_contacts	N_contacs_wt	N_contacts_pro	PHI	PSI
A	706	A	0	T	0.460	1	11	9	20	-58.3	-18.3
A	711	S	82	E	0.049	0	1	7	8	-70.7	117.1
A	713	A	38	E	0.130	0	6	6	12	-69.5	126.8
A	720	I	1	E	0.207	0	-3	17	14	-76.0	141.6
A	732	T	92	-	0.774	0	6	6	12	-64.4	142.6
A	733	K	105	-	0.012	0	0	10	10	-80.6	91.2
A	737	D	84	-	0.035	0	-5	12	7	-82.2	124.2
A	745	D	97	T	0.049	0	-3	8	5	-82.7	-19.5
A	747	T	88	H	0.058	0	1	6	7	-72.4	-34.4
A	748	E	77	H	0.211	0	-2	10	8	-62.5	-42.3
A	760	C	33	H	0.327	1	8	9	17	-60.0	-42.8
A	761	T	77	H	0.032	1	5	8	13	-63.1	-51.3
A	763	L	2	H	0.158	1	-4	19	15	-68.4	-33.9
A	767	L	3	H	0.383	1	-3	18	15	-67.1	-30.3
A	913	Q	48	H	0.687	1	-10	15	5	-63.3	-35.4
A	929	S	57	H	0.067	1	9	7	16	-70.2	-36.6
A	932	G	35	H	0.758	1	17	0	17	-61.9	-33.1
A	936	D	70	H	0.055	1	6	7	13	-62.6	-49.3
A	953	N	107	H	0.049	1	10	5	15	-78.3	-26.9
A	960	N	122	H	0.249	1	9	4	13	-69.2	-29.5
A	964	K	158	H	0.086	1	10	4	14	-69.4	-37.5
A	965	Q	46	H	0.045	1	0	16	16	-70.0	-39.4
A	970	F	11	H	0.167	1	-7	21	14	-71.7	-23.7
A	976	V	39	H	0.148	1	4	9	13	-66.5	-38.3
A	986	K	127	H	0.018	1	3	10	13	-63.1	-52.6
A	996	L	1	H	0.204	1	-11	29	18	-67.2	-37.0
A	1003	S	1	H	0.072	1	6	14	20	-65.8	-42.2
A	1010	Q	1	H	0.595	1	-2	23	21	-63.7	-25.2
A	1023	N	106	H	0.045	1	5	6	11	-70.3	-38.7
A	1027	T	35	H	0.087	1	0	13	13	-64.3	-44.3
A	1037	S	11	-	0.225	1	5	14	19	-77.2	144.5
A	1038	K	103	-	0.010	0	1	5	6	-97.9	5.0
A	1045	K	148	S	0.979	1	3	3	6	-57.5	141.2
A	1048	H	6	E	0.054	0	-17	30	13	-83.9	135.8
A	1055	S	110	E	0.395	0	2	5	7	-75.0	161.4
A	1074	N	113	E	0.024	0	2	14	16	-79.7	111.8
A	1076	T	57	E	0.900	0	-3	12	9	-63.5	150.1
A	1087	A	0	E	0.038	0	13	13	26	-84.9	129.5
A	1106	Q	53	-	0.197	0	2	8	10	-65.7	128.7
A	1107	R	18	T	0.253	0	-5	23	18	-45.8	-41.9
A	1114	I	111	B	0.888	0	-3	8	5	-65.0	147.0
A	1115	I	55	-	0.115	0	-8	15	7	-61.6	123.4
A	1117	T	114	T	0.234	0	3	2	5	-66.3	-9.2
A	1129	V	69	E	0.138	1	4	9	13	-74.3	132.0
A	1135	N	51	-	0.042	1	4	9	13	-79.7	77.2
A	1137	V	19	-	1.000	1	-4	16	12	-58.1	144.0
A	1142	Q	32	-	0.391	1	-18	26	8	-72.6	145.2
A	1144	E	142	-	0.211	1	4	6	10	-74.2	137.6
A	1146	D	96	-	0.041	0	5	8	13	-60.2	171.0
A	1147	S	60	-	0.873	1	1	6	7	-65.1	152.0
A	1148	F	1	H	0.994	1	-11	28	17	-58.8	-35.4
A	1149	K	76	H	0.391	1	4	8	12	-56.0	-43.8
A	1150	E	94	H	0.072	1	0	13	13	-67.2	-42.8
A	1158	N	128	-	0.013	0	0	11	11	-88.4	48.7
A	1163	D	109	-	0.036	0	-2	8	6	-55.5	116.6
A	1164	V	17	-	0.060	1	-2	17	15	-70.2	119.2
A	1169	I	7	G	0.153	1	-11	20	9	-62.5	-9.4
A	1181	K	123	H	0.605	1	-1	8	7	-53.2	-41.5
A	1182	E	15	H	0.158	0	-5	16	11	-69.2	-34.0
A	1183	I	10	H	0.096	1	0	14	14	-70.4	-34.8
